{
 "cells": [
  {
   "cell_type": "code",
   "execution_count": null,
   "id": "94d9b889-bc41-4688-add5-2fdf90448fa1",
   "metadata": {},
   "outputs": [],
   "source": [
    "# Manifold-Constrained Hyper-Connections\n",
    "# It is a DeepSeek architecture idea that modifies the standard Transformer residual connection. \n",
    "# The standard Transformer has one residual stream:\n",
    "# x = x + F(x) where F(x) is usually attention or the MLP block. \n",
    "# This is stable because if F(x) is small early in training, the model can behave almost like identity:\n",
    "# That identity path is one of the main reasons very deep residual networks train well\n",
    "\n",
    "# Hyper-connections expand the standard residual stream into multiple parallel streams. This architecture \n",
    "# learns how to move information between these streams dynamically. The original paper frames this mechanism \n",
    "# as an alternative to traditional residual connections. It allows the network to adjust connection strengths \n",
    "# between features at different depths and dynamically rearrange layers.\n",
    "    \n",
    "# However, expanding the stream width and diversifying connectivity patterns compromises the identity-mapping \n",
    "# property of residual connections. This compromise causes architectural instability and scalability issues. \n",
    "# Manifold Hyper-Connections (MHC) fixes these vulnerabilities by projecting the residual connection space \n",
    "# onto a manifold, successfully restoring the identity-mapping property. mHC, constrains residual matrices to \n",
    "# doubly stochastic matrices using Sinkhorn-Knopp projection (A Sinkhorn-Knopp projection is a mathematical operation \n",
    "# used to take any standard, unconstrained matrix and force it into becoming a doubly stochastic matrix—a square matrix \n",
    "# with non-negative real numbers where every single row and column sums up to exactly 1)\n",
    "\n",
    "#A manifold is a geometric space that looks flat and simple up close, but curves into a more complex shape from a distance.\n",
    "# In mathematics and data science, it represents a way to understand intricate, high-dimensional spaces by breaking them down \n",
    "# into familiar, lower-dimensional structures."
   ]
  },
  {
   "cell_type": "code",
   "execution_count": 17,
   "id": "d37084a7-6c18-47a0-8c09-6fff4d24503e",
   "metadata": {},
   "outputs": [],
   "source": [
    "from dataclasses import dataclass\n",
    "import math\n",
    "import torch\n",
    "import torch.nn as nn\n",
    "import torch.nn.functional as F\n",
    "\n",
    "\n",
    "# ============================================================\n",
    "# Config\n",
    "# ============================================================\n",
    "\n",
    "@dataclass\n",
    "class Config:\n",
    "    vocab_size: int = 100\n",
    "    max_seq_len: int = 16\n",
    "    d_model: int = 32\n",
    "    n_heads: int = 4\n",
    "    n_layers: int = 2\n",
    "    dropout: float = 0.0\n",
    "    pad_token_id: int = 0\n",
    "\n",
    "    # mHC config\n",
    "    n_streams: int = 4\n",
    "    sinkhorn_iters: int = 20\n",
    "    residual_identity_bias: float = 5.0\n",
    "\n",
    "    @property\n",
    "    def d_head(self):\n",
    "        assert self.d_model % self.n_heads == 0\n",
    "        return self.d_model // self.n_heads"
   ]
  },
  {
   "cell_type": "code",
   "execution_count": null,
   "id": "295b68cc-b20c-44a1-b3a0-a21b1dd2f21e",
   "metadata": {},
   "outputs": [],
   "source": [
    "def sinkhorn(\n",
    "    logits: torch.Tensor,\n",
    "    num_iters: int = 20,\n",
    "    eps: float = 1e-12, # Smaller epsilon is safer for precise convergence\n",
    ") -> torch.Tensor:\n",
    "    \"\"\"\n",
    "    Convert unconstrained logits into an approximately doubly stochastic matrix.\n",
    "    Numerically stable against explosion/NaN.\n",
    "\n",
    "    logits: [..., S, S] Supports arbitrary batch dimensions\n",
    "\n",
    "    returns:\n",
    "        A: [..., S, S] doubly stochastic matrix\n",
    "    \"\"\"\n",
    "    # 1. Stable exponentiation (subtract max along the last dimension)\n",
    "    # This prevents overflow to inf without changing the resulting distribution\n",
    "    max_logits = torch.max(logits, dim=-1, keepdim=True).values\n",
    "    A = torch.exp(logits - max_logits)\n",
    "\n",
    "    # 2. Iterative projection\n",
    "    for _ in range(num_iters):\n",
    "        # Row normalization (dim=-1 is the last dimension)\n",
    "        A = A / (A.sum(dim=-1, keepdim=True) + eps)  \n",
    "        # Column normalization (dim=-2 is the second-to-last dimension)\n",
    "        A = A / (A.sum(dim=-2, keepdim=True) + eps)  \n",
    "\n",
    "    return A"
   ]
  },
  {
   "cell_type": "code",
   "execution_count": null,
   "id": "03415b72-020c-4899-85ba-d4274d6f7f67",
   "metadata": {},
   "outputs": [],
   "source": [
    "class PositionalEmbeddingLayer(nn.Module):\n",
    "    def __init__(self, config: Config):\n",
    "        super().__init__()\n",
    "\n",
    "        self.token_embeddings = nn.Embedding(\n",
    "            num_embeddings=config.vocab_size,\n",
    "            embedding_dim=config.d_model,\n",
    "            padding_idx=config.pad_token_id,\n",
    "        )\n",
    "\n",
    "        self.position_embeddings = nn.Embedding(\n",
    "            num_embeddings=config.max_seq_len,\n",
    "            embedding_dim=config.d_model,\n",
    "        )\n",
    "\n",
    "        self.dropout = nn.Dropout(config.dropout)\n",
    "\n",
    "    def forward(self, input_ids):\n",
    "        \"\"\"\n",
    "        input_ids: [B, T]\n",
    "\n",
    "        returns:\n",
    "            x: [B, T, D]\n",
    "        \"\"\"\n",
    "\n",
    "        batch_size, seq_len = input_ids.shape\n",
    "\n",
    "        token_embs = self.token_embeddings(input_ids)\n",
    "\n",
    "        position_ids = torch.arange(\n",
    "            seq_len,\n",
    "            device=input_ids.device,\n",
    "        )\n",
    "\n",
    "        pos_embs = self.position_embeddings(position_ids)\n",
    "\n",
    "        x = token_embs + pos_embs\n",
    "\n",
    "        return self.dropout(x)"
   ]
  },
  {
   "cell_type": "code",
   "execution_count": null,
   "id": "a526ca35-8381-4b58-b3b2-37485daefe09",
   "metadata": {},
   "outputs": [],
   "source": [
    "class mHCConnection(nn.Module):\n",
    "    def __init__(self, config: Config):\n",
    "        super().__init__()\n",
    "\n",
    "        self.n_streams = config.n_streams\n",
    "        self.sinkhorn_iters = config.sinkhorn_iters\n",
    "\n",
    "        # H_pre: read/mix streams into one branch input\n",
    "        self.pre_logits = nn.Parameter(\n",
    "            torch.zeros(config.n_streams)\n",
    "        )\n",
    "\n",
    "        # H_post: write branch output back into streams\n",
    "        self.post_logits = nn.Parameter(\n",
    "            torch.zeros(config.n_streams)\n",
    "        )\n",
    "\n",
    "        # H_res: stream-to-stream residual mixing matrix\n",
    "        self.residual_logits = nn.Parameter(\n",
    "            torch.zeros(config.n_streams, config.n_streams)\n",
    "        )\n",
    "\n",
    "        # Bias toward identity at initialization.\n",
    "        # Identity is already doubly stochastic.\n",
    "        self.register_buffer(\n",
    "            \"identity_bias\",\n",
    "            torch.eye(config.n_streams) * config.residual_identity_bias,\n",
    "        )\n",
    "\n",
    "    def get_weights(self):\n",
    "        \"\"\"\n",
    "        returns:\n",
    "            pre_weights:  [S]\n",
    "            post_weights: [S]\n",
    "            residual_mix: [S, S]\n",
    "        \"\"\"\n",
    "\n",
    "        # Non-negative read/write weights.\n",
    "        # I normalize them for scale stability in this toy implementation.\n",
    "        pre_weights = torch.sigmoid(self.pre_logits)\n",
    "        pre_weights = pre_weights / (pre_weights.sum() + 1e-6)\n",
    "\n",
    "        post_weights = torch.sigmoid(self.post_logits)\n",
    "        post_weights = post_weights / (post_weights.sum() + 1e-6)\n",
    "\n",
    "        # Doubly stochastic residual stream mixing.\n",
    "        residual_mix = sinkhorn(\n",
    "            self.residual_logits + self.identity_bias,\n",
    "            num_iters=self.sinkhorn_iters,\n",
    "        )\n",
    "\n",
    "        return pre_weights, post_weights, residual_mix\n",
    "\n",
    "    def forward(self, X, branch):\n",
    "        \"\"\"\n",
    "        X:\n",
    "            [B, T, S, D]\n",
    "\n",
    "        branch:\n",
    "            function that maps [B, T, D] -> [B, T, D]\n",
    "\n",
    "        returns:\n",
    "            X_next: [B, T, S, D]\n",
    "        \"\"\"\n",
    "\n",
    "        pre_weights, post_weights, residual_mix = self.get_weights()\n",
    "\n",
    "        # ------------------------------------------------------------\n",
    "        # 1. Read from streams into normal branch input\n",
    "        # ------------------------------------------------------------\n",
    "\n",
    "        branch_input = torch.einsum(\n",
    "            \"btsd,s->btd\",\n",
    "            X,\n",
    "            pre_weights,\n",
    "        )\n",
    "        # [B, T, D]\n",
    "\n",
    "        # ------------------------------------------------------------\n",
    "        # 2. Apply normal Transformer branch\n",
    "        # ------------------------------------------------------------\n",
    "\n",
    "        branch_output = branch(branch_input)\n",
    "        # [B, T, D]\n",
    "\n",
    "        # ------------------------------------------------------------\n",
    "        # 3. Manifold-constrained residual stream mixing\n",
    "        # ------------------------------------------------------------\n",
    "\n",
    "        X_residual = torch.einsum(\n",
    "            \"btsd,sr->btrd\",\n",
    "            X,\n",
    "            residual_mix,\n",
    "        )\n",
    "        # [B, T, S, D]\n",
    "\n",
    "        # ------------------------------------------------------------\n",
    "        # 4. Write branch output back into streams\n",
    "        # ------------------------------------------------------------\n",
    "\n",
    "        X_next = X_residual + (\n",
    "            branch_output[:, :, None, :]\n",
    "            * post_weights[None, None, :, None]\n",
    "        )\n",
    "        # [B, T, S, D]\n",
    "\n",
    "        return X_next"
   ]
  },
  {
   "cell_type": "code",
   "execution_count": null,
   "id": "3f04891c-64d1-4d18-92e1-eb2b80e60aae",
   "metadata": {},
   "outputs": [],
   "source": [
    "class PositionalEmbeddingLayer(nn.Module):\n",
    "    def __init__(self, config: Config):\n",
    "        super().__init__()\n",
    "\n",
    "        self.token_embeddings = nn.Embedding(\n",
    "            num_embeddings=config.vocab_size,\n",
    "            embedding_dim=config.d_model,\n",
    "            padding_idx=config.pad_token_id,\n",
    "        )\n",
    "\n",
    "        self.position_embeddings = nn.Embedding(\n",
    "            num_embeddings=config.max_seq_len,\n",
    "            embedding_dim=config.d_model,\n",
    "        )\n",
    "\n",
    "        self.dropout = nn.Dropout(config.dropout)\n",
    "\n",
    "    def forward(self, input_ids):\n",
    "        \"\"\"\n",
    "        input_ids: [B, T]\n",
    "\n",
    "        returns:\n",
    "            x: [B, T, D]\n",
    "        \"\"\"\n",
    "\n",
    "        batch_size, seq_len = input_ids.shape\n",
    "\n",
    "        token_embs = self.token_embeddings(input_ids)\n",
    "\n",
    "        position_ids = torch.arange(\n",
    "            seq_len,\n",
    "            device=input_ids.device,\n",
    "        )\n",
    "\n",
    "        pos_embs = self.position_embeddings(position_ids)\n",
    "\n",
    "        x = token_embs + pos_embs\n",
    "\n",
    "        return self.dropout(x)"
   ]
  },
  {
   "cell_type": "code",
   "execution_count": null,
   "id": "ca1d386d-94e1-4c98-9020-7a7608a8cc5c",
   "metadata": {},
   "outputs": [],
   "source": [
    "class CausalSelfAttention(nn.Module):\n",
    "    def __init__(self, config: Config):\n",
    "        super().__init__()\n",
    "\n",
    "        self.d_model = config.d_model\n",
    "        self.n_heads = config.n_heads\n",
    "        self.d_head = config.d_head\n",
    "        self.max_seq_len = config.max_seq_len\n",
    "\n",
    "        self.q_proj = nn.Linear(config.d_model, config.d_model)\n",
    "        self.k_proj = nn.Linear(config.d_model, config.d_model)\n",
    "        self.v_proj = nn.Linear(config.d_model, config.d_model)\n",
    "\n",
    "        self.o_proj = nn.Linear(config.d_model, config.d_model)\n",
    "\n",
    "        self.attn_dropout = nn.Dropout(config.dropout)\n",
    "        self.resid_dropout = nn.Dropout(config.dropout)\n",
    "\n",
    "        causal_mask = torch.tril(\n",
    "            torch.ones(\n",
    "                config.max_seq_len,\n",
    "                config.max_seq_len,\n",
    "                dtype=torch.bool,\n",
    "            )\n",
    "        )\n",
    "\n",
    "        causal_mask = causal_mask.view(\n",
    "            1,\n",
    "            1,\n",
    "            config.max_seq_len,\n",
    "            config.max_seq_len,\n",
    "        )\n",
    "\n",
    "        self.register_buffer(\"causal_mask\", causal_mask)\n",
    "\n",
    "    def forward(self, x, attention_mask=None):\n",
    "        \"\"\"\n",
    "        x: [B, T, D]\n",
    "        \"\"\"\n",
    "\n",
    "        batch_size, seq_len, d_model = x.shape\n",
    "\n",
    "        q = self.q_proj(x)\n",
    "        k = self.k_proj(x)\n",
    "        v = self.v_proj(x)\n",
    "\n",
    "        q = q.view(\n",
    "            batch_size,\n",
    "            seq_len,\n",
    "            self.n_heads,\n",
    "            self.d_head,\n",
    "        ).transpose(1, 2)\n",
    "\n",
    "        k = k.view(\n",
    "            batch_size,\n",
    "            seq_len,\n",
    "            self.n_heads,\n",
    "            self.d_head,\n",
    "        ).transpose(1, 2)\n",
    "\n",
    "        v = v.view(\n",
    "            batch_size,\n",
    "            seq_len,\n",
    "            self.n_heads,\n",
    "            self.d_head,\n",
    "        ).transpose(1, 2)\n",
    "\n",
    "        scores = q @ k.transpose(-2, -1)\n",
    "        scores = scores / math.sqrt(self.d_head)\n",
    "\n",
    "        mask = self.causal_mask[:, :, :seq_len, :seq_len]\n",
    "\n",
    "        if attention_mask is not None:\n",
    "            key_padding_mask = attention_mask[:, None, None, :].bool()\n",
    "            mask = mask & key_padding_mask\n",
    "\n",
    "        scores = scores.masked_fill(\n",
    "            ~mask,\n",
    "            torch.finfo(scores.dtype).min,\n",
    "        )\n",
    "\n",
    "        attn_weights = torch.softmax(scores, dim=-1)\n",
    "        attn_weights = self.attn_dropout(attn_weights)\n",
    "\n",
    "        out = attn_weights @ v\n",
    "\n",
    "        out = out.transpose(1, 2).contiguous()\n",
    "        out = out.view(batch_size, seq_len, d_model)\n",
    "\n",
    "        out = self.o_proj(out)\n",
    "        out = self.resid_dropout(out)\n",
    "\n",
    "        if attention_mask is not None:\n",
    "            out = out * attention_mask[:, :, None].to(out.dtype)\n",
    "\n",
    "        return out"
   ]
  },
  {
   "cell_type": "code",
   "execution_count": null,
   "id": "23de456f-3407-4272-b297-f24c79fd9510",
   "metadata": {},
   "outputs": [],
   "source": [
    "class FeedForward(nn.Module):\n",
    "    def __init__(self, config: Config):\n",
    "        super().__init__()\n",
    "\n",
    "        self.net = nn.Sequential(\n",
    "            nn.Linear(config.d_model, 4 * config.d_model),\n",
    "            nn.GELU(),\n",
    "            nn.Linear(4 * config.d_model, config.d_model),\n",
    "            nn.Dropout(config.dropout),\n",
    "        )\n",
    "\n",
    "    def forward(self, x):\n",
    "        return self.net(x)"
   ]
  },
  {
   "cell_type": "code",
   "execution_count": null,
   "id": "9f759878-2480-4c59-a7a9-9fc55ae48a67",
   "metadata": {},
   "outputs": [],
   "source": [
    "class mHCDecoderBlock(nn.Module):\n",
    "    def __init__(self, config: Config):\n",
    "        super().__init__()\n",
    "\n",
    "        self.attn_hc = mHCConnection(config)\n",
    "        self.mlp_hc = mHCConnection(config)\n",
    "\n",
    "        self.attn_ln = nn.LayerNorm(config.d_model)\n",
    "        self.mlp_ln = nn.LayerNorm(config.d_model)\n",
    "\n",
    "        self.attn = CausalSelfAttention(config)\n",
    "        self.mlp = FeedForward(config)\n",
    "\n",
    "    def forward(self, X, attention_mask=None):\n",
    "        \"\"\"\n",
    "        X: [B, T, S, D]\n",
    "        \"\"\"\n",
    "\n",
    "        X = self.attn_hc(\n",
    "            X,\n",
    "            branch=lambda x: self.attn(\n",
    "                self.attn_ln(x),\n",
    "                attention_mask=attention_mask,\n",
    "            ),\n",
    "        )\n",
    "\n",
    "        X = self.mlp_hc(\n",
    "            X,\n",
    "            branch=lambda x: self.mlp(\n",
    "                self.mlp_ln(x),\n",
    "            ),\n",
    "        )\n",
    "\n",
    "        if attention_mask is not None:\n",
    "            X = X * attention_mask[:, :, None, None].to(X.dtype)\n",
    "\n",
    "        return X"
   ]
  },
  {
   "cell_type": "code",
   "execution_count": null,
   "id": "7a7e03ae-2710-4daf-928a-089a262767e5",
   "metadata": {},
   "outputs": [],
   "source": [
    "class mHCGPTDecoder(nn.Module):\n",
    "    def __init__(self, config: Config):\n",
    "        super().__init__()\n",
    "\n",
    "        self.config = config\n",
    "\n",
    "        self.embedding = PositionalEmbeddingLayer(config)\n",
    "\n",
    "        self.blocks = nn.ModuleList([\n",
    "            mHCDecoderBlock(config)\n",
    "            for _ in range(config.n_layers)\n",
    "        ])\n",
    "\n",
    "        self.final_ln = nn.LayerNorm(config.d_model)\n",
    "\n",
    "        self.lm_head = nn.Linear(\n",
    "            config.d_model,\n",
    "            config.vocab_size,\n",
    "            bias=False,\n",
    "        )\n",
    "\n",
    "        self.lm_head.weight = self.embedding.token_embeddings.weight\n",
    "\n",
    "    def expand_streams(self, x):\n",
    "        \"\"\"\n",
    "        x: [B, T, D]\n",
    "\n",
    "        returns:\n",
    "            X: [B, T, S, D]\n",
    "        \"\"\"\n",
    "\n",
    "        return x.unsqueeze(2).repeat(1, 1, self.config.n_streams, 1,)\n",
    "\n",
    "    def reduce_streams(self, X):\n",
    "        \"\"\"\n",
    "        X: [B, T, S, D]\n",
    "\n",
    "        Public Hyper-Connections implementations use stream reduction\n",
    "        after the trunk. Here we use sum reduction.\n",
    "        \"\"\"\n",
    "\n",
    "        return X.sum(dim=2)\n",
    "\n",
    "    def forward(\n",
    "        self,\n",
    "        input_ids,\n",
    "        attention_mask=None,\n",
    "        labels=None,\n",
    "        return_debug=False,\n",
    "    ):\n",
    "        \"\"\"\n",
    "        input_ids:      [B, T]\n",
    "        attention_mask: [B, T]\n",
    "        labels:         [B, T]\n",
    "        \"\"\"\n",
    "\n",
    "        batch_size, seq_len = input_ids.shape\n",
    "\n",
    "        assert seq_len <= self.config.max_seq_len\n",
    "\n",
    "        x = self.embedding(input_ids)\n",
    "        # [B, T, D]\n",
    "\n",
    "        X = self.expand_streams(x)\n",
    "        # [B, T, S, D]\n",
    "\n",
    "        for block in self.blocks:\n",
    "            X = block(\n",
    "                X,\n",
    "                attention_mask=attention_mask,\n",
    "            )\n",
    "\n",
    "        x = self.reduce_streams(X)\n",
    "        # [B, T, D]\n",
    "\n",
    "        x = self.final_ln(x)\n",
    "\n",
    "        logits = self.lm_head(x)\n",
    "        # [B, T, vocab_size]\n",
    "\n",
    "        loss = None\n",
    "\n",
    "        if labels is not None:\n",
    "            shift_logits = logits[:, :-1, :].contiguous()\n",
    "            shift_labels = labels[:, 1:].contiguous()\n",
    "\n",
    "            loss = F.cross_entropy(\n",
    "                shift_logits.view(-1, self.config.vocab_size),\n",
    "                shift_labels.view(-1),\n",
    "                ignore_index=-100,\n",
    "            )\n",
    "\n",
    "        outputs = {\n",
    "            \"logits\": logits,\n",
    "            \"loss\": loss,\n",
    "        }\n",
    "\n",
    "        if return_debug:\n",
    "            pre, post, residual_mix = self.blocks[0].attn_hc.get_weights()\n",
    "\n",
    "            outputs[\"attn_pre_weights_layer0\"] = pre.detach()\n",
    "            outputs[\"attn_post_weights_layer0\"] = post.detach()\n",
    "            outputs[\"attn_residual_matrix_layer0\"] = residual_mix.detach()\n",
    "\n",
    "        return outputs\n",
    "\n",
    "    def sample_next_token(\n",
    "        self,\n",
    "        next_token_logits,\n",
    "        temperature=1.0,\n",
    "        top_k=None,\n",
    "        top_p=None,\n",
    "    ):\n",
    "        if temperature == 0:\n",
    "            return torch.argmax(\n",
    "                next_token_logits,\n",
    "                dim=-1,\n",
    "                keepdim=True,\n",
    "            )\n",
    "\n",
    "        next_token_logits = next_token_logits / temperature\n",
    "\n",
    "        if top_k is not None:\n",
    "            top_k = min(top_k, next_token_logits.size(-1))\n",
    "\n",
    "            values, _ = torch.topk(\n",
    "                next_token_logits,\n",
    "                k=top_k,\n",
    "                dim=-1,\n",
    "            )\n",
    "\n",
    "            min_values = values[:, -1].unsqueeze(-1)\n",
    "\n",
    "            next_token_logits = torch.where(\n",
    "                next_token_logits < min_values,\n",
    "                torch.full_like(next_token_logits, float(\"-inf\")),\n",
    "                next_token_logits,\n",
    "            )\n",
    "\n",
    "        if top_p is not None:\n",
    "            assert 0.0 < top_p <= 1.0\n",
    "\n",
    "            sorted_logits, sorted_indices = torch.sort(\n",
    "                next_token_logits,\n",
    "                descending=True,\n",
    "                dim=-1,\n",
    "            )\n",
    "\n",
    "            sorted_probs = torch.softmax(sorted_logits, dim=-1)\n",
    "            cumulative_probs = torch.cumsum(sorted_probs, dim=-1)\n",
    "\n",
    "            sorted_indices_to_remove = cumulative_probs > top_p\n",
    "\n",
    "            sorted_indices_to_remove[:, 1:] = (\n",
    "                sorted_indices_to_remove[:, :-1].clone()\n",
    "            )\n",
    "            sorted_indices_to_remove[:, 0] = False\n",
    "\n",
    "            indices_to_remove = torch.zeros_like(\n",
    "                next_token_logits,\n",
    "                dtype=torch.bool,\n",
    "            )\n",
    "\n",
    "            indices_to_remove.scatter_(\n",
    "                dim=-1,\n",
    "                index=sorted_indices,\n",
    "                src=sorted_indices_to_remove,\n",
    "            )\n",
    "\n",
    "            next_token_logits = next_token_logits.masked_fill(\n",
    "                indices_to_remove,\n",
    "                float(\"-inf\"),\n",
    "            )\n",
    "\n",
    "        probs = torch.softmax(next_token_logits, dim=-1)\n",
    "\n",
    "        return torch.multinomial(\n",
    "            probs,\n",
    "            num_samples=1,\n",
    "        )\n",
    "\n",
    "    @torch.no_grad()\n",
    "    def generate(\n",
    "        self,\n",
    "        input_ids,\n",
    "        max_new_tokens,\n",
    "        temperature=1.0,\n",
    "        top_k=None,\n",
    "        top_p=None,\n",
    "        eos_token_id=None,\n",
    "    ):\n",
    "        self.eval()\n",
    "\n",
    "        for _ in range(max_new_tokens):\n",
    "            input_ids_cond = input_ids[:, -self.config.max_seq_len:]\n",
    "\n",
    "            attention_mask = (\n",
    "                input_ids_cond != self.config.pad_token_id\n",
    "            ).long()\n",
    "\n",
    "            outputs = self(\n",
    "                input_ids=input_ids_cond,\n",
    "                attention_mask=attention_mask,\n",
    "                labels=None,\n",
    "            )\n",
    "\n",
    "            next_token_logits = outputs[\"logits\"][:, -1, :]\n",
    "\n",
    "            next_token = self.sample_next_token(\n",
    "                next_token_logits,\n",
    "                temperature=temperature,\n",
    "                top_k=top_k,\n",
    "                top_p=top_p,\n",
    "            )\n",
    "\n",
    "            input_ids = torch.cat(\n",
    "                [input_ids, next_token],\n",
    "                dim=1,\n",
    "            )\n",
    "\n",
    "            if eos_token_id is not None:\n",
    "                if torch.all(next_token.squeeze(-1) == eos_token_id):\n",
    "                    break\n",
    "\n",
    "        return input_ids"
   ]
  },
  {
   "cell_type": "code",
   "execution_count": null,
   "id": "3c86dfc5-491d-4485-9f73-2ea484c8f039",
   "metadata": {},
   "outputs": [],
   "source": [
    "torch.manual_seed(42)\n",
    "\n",
    "batch_size = 3\n",
    "seq_len = 8\n",
    "vocab_size = 100\n",
    "pad_token_id = 0\n",
    "\n",
    "lengths = torch.randint(\n",
    "    low=1,\n",
    "    high=seq_len + 1,\n",
    "    size=(batch_size,),\n",
    ")\n",
    "\n",
    "input_ids = torch.randint(\n",
    "    low=1,\n",
    "    high=vocab_size,\n",
    "    size=(batch_size, seq_len),\n",
    ")\n",
    "\n",
    "attention_mask = (\n",
    "    torch.arange(seq_len).unsqueeze(0)\n",
    "    < lengths.unsqueeze(1)\n",
    ").long()\n",
    "\n",
    "input_ids = input_ids.masked_fill(\n",
    "    attention_mask == 0,\n",
    "    pad_token_id,\n",
    ")\n",
    "\n",
    "labels = input_ids.clone()\n",
    "labels = labels.masked_fill(\n",
    "    attention_mask == 0,\n",
    "    -100,\n",
    ")\n",
    "\n",
    "config = Config(\n",
    "    vocab_size=vocab_size,\n",
    "    max_seq_len=16,\n",
    "    d_model=32,\n",
    "    n_heads=4,\n",
    "    n_layers=2,\n",
    "    dropout=0.0,\n",
    "    pad_token_id=pad_token_id,\n",
    "\n",
    "    n_streams=4,\n",
    "    sinkhorn_iters=20,\n",
    "    residual_identity_bias=5.0,\n",
    ")\n",
    "\n",
    "model = mHCGPTDecoder(config)\n",
    "\n",
    "outputs = model(\n",
    "    input_ids=input_ids,\n",
    "    attention_mask=attention_mask,\n",
    "    labels=labels,\n",
    "    return_debug=True,\n",
    ")\n",
    "\n",
    "logits = outputs[\"logits\"]\n",
    "loss = outputs[\"loss\"]\n",
    "\n",
    "print(\"lengths:\")\n",
    "print(lengths)\n",
    "\n",
    "print(\"\\ninput_ids:\")\n",
    "print(input_ids)\n",
    "\n",
    "print(\"\\nattention_mask:\")\n",
    "print(attention_mask)\n",
    "\n",
    "print(\"\\nlabels:\")\n",
    "print(labels)\n",
    "\n",
    "print(\"\\nlogits shape:\")\n",
    "print(logits.shape)\n",
    "\n",
    "print(\"\\nloss:\")\n",
    "print(loss)\n",
    "\n",
    "loss.backward()\n",
    "\n",
    "print(\"\\nGradient exists for mHC residual logits?\")\n",
    "print(model.blocks[0].attn_hc.residual_logits.grad is not None)\n",
    "\n",
    "print(\"\\nGradient exists for attention q_proj?\")\n",
    "print(model.blocks[0].attn.q_proj.weight.grad is not None)\n",
    "\n",
    "print(\"\\nGradient exists for MLP first layer?\")\n",
    "print(model.blocks[0].mlp.net[0].weight.grad is not None)"
   ]
  },
  {
   "cell_type": "code",
   "execution_count": null,
   "id": "9820b59e-cedc-42ff-b718-7d21374e69b7",
   "metadata": {},
   "outputs": [],
   "source": [
    "R = outputs[\"attn_residual_matrix_layer0\"]\n",
    "\n",
    "print(\"\\nResidual stream mixing matrix R:\")\n",
    "print(R)\n",
    "\n",
    "print(\"\\nRow sums of R:\")\n",
    "print(R.sum(dim=-1))\n",
    "\n",
    "print(\"\\nColumn sums of R:\")\n",
    "print(R.sum(dim=-2))"
   ]
  },
  {
   "cell_type": "code",
   "execution_count": 6,
   "id": "01ae3973-47c3-4ba0-aff1-b0b19fa45297",
   "metadata": {},
   "outputs": [
    {
     "name": "stdout",
     "output_type": "stream",
     "text": [
      "tensor([[0.9909, 0.5538, 0.3741, 0.0644],\n",
      "        [0.6256, 0.8220, 0.8618, 0.5196],\n",
      "        [0.9120, 0.0072, 0.5964, 0.6215],\n",
      "        [0.5292, 0.0849, 0.9323, 0.9668]])\n",
      "tensor([[0.3679, 0.4601, 0.1650, 0.0364],\n",
      "        [0.1628, 0.4787, 0.2665, 0.2060],\n",
      "        [0.3142, 0.0056, 0.2441, 0.3262],\n",
      "        [0.1550, 0.0556, 0.3245, 0.4315]])\n",
      "####################################################################################################\n",
      "tensor([[0.3514, 0.4752, 0.1588, 0.0342],\n",
      "        [0.1437, 0.4569, 0.2370, 0.1790],\n",
      "        [0.3471, 0.0067, 0.2717, 0.3547],\n",
      "        [0.1577, 0.0612, 0.3326, 0.4321]])\n",
      "####################################################################################################\n",
      "tensor([[0.3445, 0.4734, 0.1551, 0.0332],\n",
      "        [0.1413, 0.4565, 0.2321, 0.1742],\n",
      "        [0.3540, 0.0069, 0.2760, 0.3580],\n",
      "        [0.1603, 0.0632, 0.3367, 0.4346]])\n",
      "####################################################################################################\n",
      "tensor([[0.3424, 0.4726, 0.1540, 0.0329],\n",
      "        [0.1407, 0.4566, 0.2309, 0.1729],\n",
      "        [0.3558, 0.0070, 0.2771, 0.3587],\n",
      "        [0.1611, 0.0638, 0.3381, 0.4355]])\n",
      "####################################################################################################\n",
      "tensor([[0.3418, 0.4723, 0.1536, 0.0328],\n",
      "        [0.1406, 0.4567, 0.2305, 0.1726],\n",
      "        [0.3563, 0.0070, 0.2774, 0.3589],\n",
      "        [0.1614, 0.0640, 0.3385, 0.4357]])\n",
      "####################################################################################################\n",
      "tensor([[0.3416, 0.4723, 0.1535, 0.0328],\n",
      "        [0.1405, 0.4567, 0.2304, 0.1725],\n",
      "        [0.3565, 0.0070, 0.2775, 0.3589],\n",
      "        [0.1614, 0.0641, 0.3386, 0.4358]])\n",
      "####################################################################################################\n",
      "tensor([[0.3415, 0.4722, 0.1535, 0.0328],\n",
      "        [0.1405, 0.4567, 0.2304, 0.1724],\n",
      "        [0.3565, 0.0070, 0.2775, 0.3590],\n",
      "        [0.1615, 0.0641, 0.3386, 0.4358]])\n",
      "####################################################################################################\n",
      "tensor([[0.3415, 0.4722, 0.1535, 0.0328],\n",
      "        [0.1405, 0.4567, 0.2304, 0.1724],\n",
      "        [0.3565, 0.0070, 0.2775, 0.3590],\n",
      "        [0.1615, 0.0641, 0.3386, 0.4358]])\n",
      "####################################################################################################\n",
      "tensor([[0.3415, 0.4722, 0.1535, 0.0328],\n",
      "        [0.1405, 0.4567, 0.2304, 0.1724],\n",
      "        [0.3565, 0.0070, 0.2775, 0.3590],\n",
      "        [0.1615, 0.0641, 0.3386, 0.4359]])\n",
      "####################################################################################################\n",
      "tensor([[0.3415, 0.4722, 0.1535, 0.0328],\n",
      "        [0.1405, 0.4567, 0.2304, 0.1724],\n",
      "        [0.3565, 0.0070, 0.2775, 0.3590],\n",
      "        [0.1615, 0.0641, 0.3386, 0.4359]])\n",
      "####################################################################################################\n",
      "tensor([[0.3415, 0.4722, 0.1535, 0.0328],\n",
      "        [0.1405, 0.4567, 0.2304, 0.1724],\n",
      "        [0.3565, 0.0070, 0.2775, 0.3590],\n",
      "        [0.1615, 0.0641, 0.3386, 0.4359]])\n",
      "####################################################################################################\n",
      "tensor([[0.3415, 0.4722, 0.1535, 0.0328],\n",
      "        [0.1405, 0.4567, 0.2304, 0.1724],\n",
      "        [0.3565, 0.0070, 0.2775, 0.3590],\n",
      "        [0.1615, 0.0641, 0.3386, 0.4359]])\n",
      "####################################################################################################\n",
      "tensor([[0.3415, 0.4722, 0.1535, 0.0328],\n",
      "        [0.1405, 0.4567, 0.2304, 0.1724],\n",
      "        [0.3565, 0.0070, 0.2775, 0.3590],\n",
      "        [0.1615, 0.0641, 0.3386, 0.4359]])\n",
      "####################################################################################################\n",
      "tensor([[0.3415, 0.4722, 0.1535, 0.0328],\n",
      "        [0.1405, 0.4567, 0.2304, 0.1724],\n",
      "        [0.3565, 0.0070, 0.2775, 0.3590],\n",
      "        [0.1615, 0.0641, 0.3386, 0.4359]])\n",
      "####################################################################################################\n",
      "tensor([[0.3415, 0.4722, 0.1535, 0.0328],\n",
      "        [0.1405, 0.4567, 0.2304, 0.1724],\n",
      "        [0.3565, 0.0070, 0.2775, 0.3590],\n",
      "        [0.1615, 0.0641, 0.3386, 0.4359]])\n",
      "####################################################################################################\n",
      "tensor([[0.3415, 0.4722, 0.1535, 0.0328],\n",
      "        [0.1405, 0.4567, 0.2304, 0.1724],\n",
      "        [0.3565, 0.0070, 0.2775, 0.3590],\n",
      "        [0.1615, 0.0641, 0.3386, 0.4359]])\n",
      "####################################################################################################\n",
      "tensor([[0.3415, 0.4722, 0.1535, 0.0328],\n",
      "        [0.1405, 0.4567, 0.2304, 0.1724],\n",
      "        [0.3565, 0.0070, 0.2775, 0.3590],\n",
      "        [0.1615, 0.0641, 0.3386, 0.4359]])\n",
      "####################################################################################################\n",
      "tensor([[0.3415, 0.4722, 0.1535, 0.0328],\n",
      "        [0.1405, 0.4567, 0.2304, 0.1724],\n",
      "        [0.3565, 0.0070, 0.2775, 0.3590],\n",
      "        [0.1615, 0.0641, 0.3386, 0.4359]])\n",
      "####################################################################################################\n",
      "tensor([[0.3415, 0.4722, 0.1535, 0.0328],\n",
      "        [0.1405, 0.4567, 0.2304, 0.1724],\n",
      "        [0.3565, 0.0070, 0.2775, 0.3590],\n",
      "        [0.1615, 0.0641, 0.3386, 0.4359]])\n",
      "####################################################################################################\n",
      "tensor([[0.3415, 0.4722, 0.1535, 0.0328],\n",
      "        [0.1405, 0.4567, 0.2304, 0.1724],\n",
      "        [0.3565, 0.0070, 0.2775, 0.3590],\n",
      "        [0.1615, 0.0641, 0.3386, 0.4359]])\n",
      "####################################################################################################\n"
     ]
    }
   ],
   "source": [
    "import torch\n",
    "\n",
    "eps = 1e-6\n",
    "A = torch.rand(4, 4)\n",
    "print(A)\n",
    "\n",
    "for _ in range(20):\n",
    "    A = A / (A.sum(dim=-1, keepdim=True) + eps)  # row normalize\n",
    "    A = A / (A.sum(dim=-2, keepdim=True) + eps)  # column normalize\n",
    "    print(A)\n",
    "    print('#'*100)\n",
    "    "
   ]
  },
  {
   "cell_type": "code",
   "execution_count": 7,
   "id": "9407372a-5c4d-4f53-bbb6-029c2e4a7e88",
   "metadata": {},
   "outputs": [
    {
     "data": {
      "text/plain": [
       "1.0"
      ]
     },
     "execution_count": 7,
     "metadata": {},
     "output_type": "execute_result"
    }
   ],
   "source": [
    "sum([0.3415, 0.4722, 0.1535, 0.0328])"
   ]
  },
  {
   "cell_type": "code",
   "execution_count": 9,
   "id": "255d67d7-e30f-47db-a6f9-a6cbb007fa7c",
   "metadata": {},
   "outputs": [
    {
     "data": {
      "text/plain": [
       "tensor([[[0.3642, 0.8333, 0.2569, 0.0778, 0.2424, 0.4923, 0.6499, 0.7362],\n",
       "         [0.1057, 0.9907, 0.5937, 0.5606, 0.2390, 0.4718, 0.4294, 0.8508],\n",
       "         [0.1053, 0.9353, 0.5285, 0.5943, 0.8888, 0.2838, 0.6447, 0.6535],\n",
       "         [0.6196, 0.0497, 0.5953, 0.9974, 0.6720, 0.4915, 0.6581, 0.6456]],\n",
       "\n",
       "        [[0.2139, 0.7623, 0.9011, 0.2775, 0.2771, 0.8305, 0.6048, 0.8672],\n",
       "         [0.6301, 0.1374, 0.2400, 0.1103, 0.4322, 0.4852, 0.0837, 0.4832],\n",
       "         [0.3448, 0.6847, 0.8148, 0.2926, 0.5404, 0.1399, 0.0768, 0.0038],\n",
       "         [0.4260, 0.0336, 0.5221, 0.9801, 0.4706, 0.9882, 0.5860, 0.7098]]])"
      ]
     },
     "execution_count": 9,
     "metadata": {},
     "output_type": "execute_result"
    }
   ],
   "source": [
    "X= torch.rand(2, 4, 8)\n",
    "X"
   ]
  },
  {
   "cell_type": "code",
   "execution_count": 16,
   "id": "2032fe4c-ceb4-466b-a178-3ea1b585d957",
   "metadata": {},
   "outputs": [
    {
     "data": {
      "text/plain": [
       "tensor([[[[0.3642, 0.8333, 0.2569, 0.0778, 0.2424, 0.4923, 0.6499, 0.7362],\n",
       "          [0.3642, 0.8333, 0.2569, 0.0778, 0.2424, 0.4923, 0.6499, 0.7362],\n",
       "          [0.3642, 0.8333, 0.2569, 0.0778, 0.2424, 0.4923, 0.6499, 0.7362],\n",
       "          [0.3642, 0.8333, 0.2569, 0.0778, 0.2424, 0.4923, 0.6499, 0.7362]],\n",
       "\n",
       "         [[0.1057, 0.9907, 0.5937, 0.5606, 0.2390, 0.4718, 0.4294, 0.8508],\n",
       "          [0.1057, 0.9907, 0.5937, 0.5606, 0.2390, 0.4718, 0.4294, 0.8508],\n",
       "          [0.1057, 0.9907, 0.5937, 0.5606, 0.2390, 0.4718, 0.4294, 0.8508],\n",
       "          [0.1057, 0.9907, 0.5937, 0.5606, 0.2390, 0.4718, 0.4294, 0.8508]],\n",
       "\n",
       "         [[0.1053, 0.9353, 0.5285, 0.5943, 0.8888, 0.2838, 0.6447, 0.6535],\n",
       "          [0.1053, 0.9353, 0.5285, 0.5943, 0.8888, 0.2838, 0.6447, 0.6535],\n",
       "          [0.1053, 0.9353, 0.5285, 0.5943, 0.8888, 0.2838, 0.6447, 0.6535],\n",
       "          [0.1053, 0.9353, 0.5285, 0.5943, 0.8888, 0.2838, 0.6447, 0.6535]],\n",
       "\n",
       "         [[0.6196, 0.0497, 0.5953, 0.9974, 0.6720, 0.4915, 0.6581, 0.6456],\n",
       "          [0.6196, 0.0497, 0.5953, 0.9974, 0.6720, 0.4915, 0.6581, 0.6456],\n",
       "          [0.6196, 0.0497, 0.5953, 0.9974, 0.6720, 0.4915, 0.6581, 0.6456],\n",
       "          [0.6196, 0.0497, 0.5953, 0.9974, 0.6720, 0.4915, 0.6581, 0.6456]]],\n",
       "\n",
       "\n",
       "        [[[0.2139, 0.7623, 0.9011, 0.2775, 0.2771, 0.8305, 0.6048, 0.8672],\n",
       "          [0.2139, 0.7623, 0.9011, 0.2775, 0.2771, 0.8305, 0.6048, 0.8672],\n",
       "          [0.2139, 0.7623, 0.9011, 0.2775, 0.2771, 0.8305, 0.6048, 0.8672],\n",
       "          [0.2139, 0.7623, 0.9011, 0.2775, 0.2771, 0.8305, 0.6048, 0.8672]],\n",
       "\n",
       "         [[0.6301, 0.1374, 0.2400, 0.1103, 0.4322, 0.4852, 0.0837, 0.4832],\n",
       "          [0.6301, 0.1374, 0.2400, 0.1103, 0.4322, 0.4852, 0.0837, 0.4832],\n",
       "          [0.6301, 0.1374, 0.2400, 0.1103, 0.4322, 0.4852, 0.0837, 0.4832],\n",
       "          [0.6301, 0.1374, 0.2400, 0.1103, 0.4322, 0.4852, 0.0837, 0.4832]],\n",
       "\n",
